   2.756
   2.717
    2.68
   2.643
   2.607
   2.572
   2.537
   2.504
   2.471
   2.439
   2.408
   2.377
   2.348
   2.319
   2.291
   2.263
   2.237
   2.211
   2.185
   2.161
   2.137
   2.114
   2.091
   2.069
   2.048
   2.027
   2.007
   1.988
   1.969
   1.951
   1.933
   1.916
     1.9
   1.884
   1.869
   1.854
    1.84
   1.826
   1.813
     1.8
   1.788
   1.777
   1.765
   1.755
   1.744
   1.735
   1.725
   1.716
   1.708
     1.7
   1.692
   1.685
   1.678
   1.671
   1.665
   1.659
   1.654
   1.648
   1.644
   1.639
   1.635
   1.631
   1.627
   1.624
   1.621
   1.618
   1.616
   1.613
   1.611
   1.609
   1.608
   1.606
   1.605
   1.604
   1.603
   1.603
   1.602
   1.602
   1.602
   1.601
   1.601
   1.602
   1.602
   1.602
   1.603
   1.603
   1.604
   1.604
   1.605
   1.605
   1.606
   1.607
   1.608
   1.608
   1.609
    1.61
   1.611
   1.611
   1.612
   1.612
   1.613
   1.613
   1.613
   1.614
   1.614
   1.614
   1.614
   1.613
   1.613
   1.612
   1.612
   1.611
    1.61
   1.609
   1.607
   1.605
   1.604
   1.601
   1.599
   1.597
   1.594
   1.591
   1.587
   1.584
    1.58
   1.575
   1.571
   1.566
   1.561
   1.555
   1.549
   1.543
   1.536
   1.529
   1.522
   1.514
   1.506
   1.497
   1.488
   1.479
   1.469
   1.459
   1.448
   1.437
   1.425
   1.413
     1.4
   1.387
   1.373
   1.359
   1.344
   1.328
   1.312
   1.296
   1.279
   1.261
   1.243
   1.224
   1.204
   1.184
   1.164
   1.142
    1.12
   1.098
   1.074
    1.05
   1.026
       1
  0.9741
  0.9472
  0.9197
  0.8914
  0.8624
  0.8326
  0.8021
  0.7708
  0.7387
  0.7058
  0.6721
  0.6376
  0.6023
  0.5662
  0.5292
  0.4914
  0.4527
  0.4132
  0.3727
  0.3314
  0.2892
  0.2461
  0.2021
  0.1572
  0.1113
 0.06453
 0.01677
