0.82136
0.82958
0.83787
0.84625
0.85471
0.86326
0.87189
0.88061
0.88941
0.8983
0.90729
0.91636
0.92552
0.93478
0.94413
0.95357
0.9631
0.97273
0.98245
0.99228
1.00221
1.01222
1.02235
1.03256
1.04289
1.05332
1.06385
1.07449
1.08523
1.09608
1.10705
1.11811
1.12929
1.14059
1.15199
1.16351
1.17514
1.18689
1.19876
1.21075
1.22285
1.23508
1.24743
1.2599
1.2725
1.28523
1.29808
1.31106
1.32417
1.33741
1.35078
1.36429
1.37793
1.3917
1.40562
1.41967
1.43387
1.44821
1.46269
1.47731
1.49209
1.507
1.52207
1.53729
1.55267
1.56819
1.58387
1.59971
1.6157
1.63186
1.64817
1.66466
1.6813
1.69811
1.71509
1.73224
1.74956
1.76706
1.78472
1.80257
1.82059
1.8388
1.85718
1.87575
1.89451
1.91345
1.93259
1.95191
1.97143
1.99114
2.01105
2.03116
2.05147
2.07198
2.0927
2.11362
2.13476
2.1561
2.17766
2.19943
2.22143
2.24364
2.26607
2.28873
2.31162
2.33473
2.35808
2.38166
2.40547
2.42952
2.45381
2.47835
2.50313
2.52816
2.55344
2.57897
2.60476
2.6308
2.65711
2.68368
2.71051
2.73762
2.76499
2.79264
2.82056
2.84876
2.87725
2.90602
2.93507
2.96442
2.99406
3.024
3.05424
3.08478
3.11562
3.14678
3.17824
3.21002
3.24212
3.27454
3.30727
3.34035
3.37375
3.40748
3.44155
3.47596
3.51072
3.54582
3.58128
3.61709
3.65326
3.68978
3.72669
3.76395
3.80158
3.8396
3.87798
3.91677
3.95593
3.99548
4.03544
4.07579
4.11653
4.1577
4.19927
4.24125
4.28367
4.3265
4.36977
4.41346
4.45759
4.50216
4.54717
4.59265
4.63856
4.68495
4.7318
4.77911
4.82689
4.87515
4.92391
4.97313
5.02285
5.07308
5.1238
5.17505
5.2268
5.27906
5.33184
5.38516
5.439
5.49338
5.5483
5.60378
5.65981
5.71642
5.77358
5.83129
5.88961
5.94851
6.00799
6.06805
6.12874
6.19001
6.25189
6.31441
6.37757
6.44133
6.50574
6.57078
6.6365
6.70282
6.76986
6.83757
6.90592
6.97498
7.04472
7.11517
7.18629
7.25818
7.33073
7.40405
7.47808
7.55287
7.62837
7.70463
7.7817
7.85948
7.93807
8.01747
8.09763
8.1786
8.26038
8.34297
8.42637
8.51064
8.59571
8.68166
8.76847
8.85615
8.9447
9.03418
9.12447
9.21575
9.30791
9.40093
9.49495
9.58991
9.6858
9.78263
9.88048
9.97925
10.07904
10.17984
10.28157
10.38439
10.48823
10.59309
10.69904
10.80601
10.91408
11.02316
11.13344
11.24473
11.35713
11.47073
11.58543
11.70124
11.81827
11.93639
12.05585
12.17629
12.29806
12.42105
12.54526
12.6707
12.79739
12.92535
13.05459
13.18513
13.31696
13.45013
13.58462
13.72044
13.85763
13.99621
14.13614
14.2775
14.42026
14.56444
14.71008
14.85716
15.00571
15.15577
15.30731
15.46037
15.61495
15.77109
15.92879
16.08806
16.24892
16.4114
16.57549
16.74123
16.90862
17.07769
17.24845
17.42092
17.59511
17.77106
17.94874
18.12821
18.30947
18.49255
18.67746
18.86422
19.05285
19.24336
19.43579
19.63012
19.82641
20.02463
20.22487
20.42711
20.63134
20.83764
21.04599
21.25644
21.46899
21.68366
21.90048
22.11946
22.34062
22.56402
22.78964
23.0175
23.24767
23.48012
23.71487
23.952
24.19152
24.43342
24.67771
24.92447
25.17367
25.4254
25.67961
25.9364
26.19573
26.4577
26.7222
26.9894
27.25931
27.53185
27.80716
28.08517
28.36601
28.64967
28.93609
29.22548
29.5177
29.8128
30.11095
30.41199
30.71606
31.02326
31.33341
31.64676
31.96315
32.28274
32.60561
32.9316
33.26087
33.59342
33.92936
34.26867
34.61126
34.95733
35.30687
35.65989
36.01648
36.37664
36.74039
37.1077
37.47882
37.8535
38.23199
38.61427
39.00035
39.39035
39.78428
40.182
40.58377
40.98959
41.39947