   2.446
   2.415
   2.384
   2.354
   2.325
   2.297
    2.27
   2.244
   2.219
   2.194
    2.17
   2.147
   2.125
   2.104
   2.083
   2.063
   2.044
   2.025
   2.008
    1.99
   1.974
   1.958
   1.943
   1.928
   1.914
   1.901
   1.888
   1.876
   1.864
   1.853
   1.842
   1.832
   1.823
   1.813
   1.805
   1.796
   1.789
   1.781
   1.774
   1.768
   1.761
   1.755
    1.75
   1.745
    1.74
   1.735
   1.731
   1.727
   1.723
   1.719
   1.716
   1.713
    1.71
   1.708
   1.705
   1.703
     1.7
   1.698
   1.696
   1.694
   1.693
   1.691
   1.689
   1.688
   1.686
   1.684
   1.683
   1.681
    1.68
   1.678
   1.676
   1.674
   1.673
   1.671
   1.668
   1.666
   1.664
   1.661
   1.659
   1.656
   1.653
   1.649
   1.646
   1.642
   1.638
   1.634
   1.629
   1.624
   1.619
   1.613
   1.607
   1.601
   1.594
   1.587
    1.58
   1.572
   1.564
   1.555
   1.546
   1.536
   1.526
   1.515
   1.504
   1.492
    1.48
   1.467
   1.454
    1.44
   1.425
    1.41
   1.394
   1.377
    1.36
   1.342
   1.324
   1.305
   1.285
   1.264
   1.242
    1.22
   1.197
   1.173
   1.149
   1.123
   1.097
    1.07
   1.042
   1.013
  0.9832
  0.9525
  0.9209
  0.8884
  0.8549
  0.8205
   0.785
  0.7486
  0.7112
  0.6727
  0.6332
  0.5926
   0.551
  0.5083
  0.4645
  0.4196
  0.3735
  0.3264
   0.278
  0.2285
  0.1778
   0.126
 0.07287
 0.01855
