3.90346
3.89122
3.87906
3.86697
3.85496
3.84302
3.83116
3.81936
3.80765
3.796
3.78442
3.77292
3.76148
3.75012
3.73882
3.72759
3.71642
3.70533
3.6943
3.68333
3.67243
3.6616
3.65083
3.64012
3.62947
3.61889
3.60836
3.5979
3.5875
3.57716
3.56688
3.55666
3.54649
3.53639
3.52634
3.51635
3.50641
3.49653
3.48671
3.47694
3.46722
3.45756
3.44796
3.43841
3.4289
3.41946
3.41006
3.40072
3.39142
3.38218
3.37299
3.36384
3.35475
3.34571
3.33671
3.32776
3.31886
3.31001
3.30121
3.29245
3.28374
3.27507
3.26645
3.25788
3.24934
3.24086
3.23242
3.22402
3.21567
3.20736
3.19909
3.19086
3.18268
3.17454
3.16644
3.15838
3.15036
3.14238
3.13445
3.12655
3.11869
3.11088
3.1031
3.09536
3.08766
3.07999
3.07237
3.06478
3.05723
3.04972
3.04224
3.0348
3.0274
3.02003
3.0127
3.0054
2.99814
2.99092
2.98372
2.97657
2.96945
2.96236
2.9553
2.94828
2.94129
2.93434
2.92742
2.92053
2.91367
2.90685
2.90005
2.89329
2.88656
2.87986
2.8732
2.86656
2.85995
2.85338
2.84683
2.84032
2.83383
2.82737
2.82095
2.81455
2.80818
2.80184
2.79553
2.78925
2.78299
2.77676
2.77056
2.76439
2.75825
2.75213
2.74604
2.73998
2.73394
2.72793
2.72195
2.71599
2.71006
2.70416
2.69828
2.69242
2.68659
2.68079
2.67501
2.66926
2.66353
2.65783
2.65215
2.64649
2.64086
2.63525
2.62967
2.62411
2.61857
2.61305
2.60756
2.6021
2.59665
2.59123
2.58583
2.58045
2.5751
2.56977
2.56446
2.55917
2.5539
2.54866
2.54343
2.53823
2.53305
2.52789
2.52275
2.51763
2.51254
2.50746
2.5024
2.49737
2.49235
2.48736
2.48238
2.47743
2.47249
2.46757
2.46268
2.4578
2.45294
2.4481
2.44328
2.43848
2.4337
2.42894
2.42419
2.41947
2.41476
2.41007
2.4054
2.40074
2.39611
2.39149
2.38689
2.38231
2.37774
2.3732
2.36867
2.36416
2.35966
2.35518
2.35072
2.34628
2.34185
2.33744
2.33304
2.32867
2.3243
2.31996
2.31563
2.31132
2.30702
2.30274
2.29848
2.29423
2.28999
2.28577
2.28157
2.27739
2.27321
2.26906
2.26492
2.26079
2.25668
2.25258
2.2485
2.24443
2.24038
2.23635
2.23232
2.22831
2.22432
2.22034
2.21638
2.21242
2.20849
2.20456
2.20065
2.19676
2.19288
2.18901
2.18515
2.18131
2.17749
2.17367
2.16987
2.16608
2.16231
2.15855
2.1548
2.15107
2.14734
2.14364
2.13994
2.13626
2.13258
2.12893
2.12528
2.12165
2.11803
2.11442
2.11082
2.10724
2.10366
2.1001
2.09656
2.09302
2.0895
2.08598
2.08248
2.07899
2.07552
2.07205
2.0686
2.06516
2.06173
2.05831
2.0549
2.0515
2.04811
2.04474
2.04138
2.03802
2.03468
2.03135
2.02803
2.02472
2.02143
2.01814
2.01486
2.0116
2.00834
2.0051
2.00186
1.99864
1.99542
1.99222
1.98903
1.98584
1.98267
1.97951
1.97636
1.97321
1.97008
1.96696
1.96385
1.96074
1.95765
1.95457
1.95149
1.94843
1.94538
1.94233
1.9393
1.93627
1.93325
1.93025
1.92725
1.92426
1.92128
1.91831
1.91535
1.9124
1.90946
1.90652
1.9036
1.90068
1.89778
1.89488
1.89199
1.88911
1.88624
1.88338
1.88052
1.87768
1.87484
1.87201
1.86919
1.86638
1.86358
1.86078
1.858
1.85522
1.85245
1.84969
1.84694
1.84419
1.84146
1.83873
1.83601
1.8333
1.83059
1.82789
1.82521
1.82253
1.81985
1.81719
1.81453
1.81188
1.80924
1.80661
1.80398
1.80136
1.79875
1.79615
1.79355
1.79096
1.78838
1.78581
1.78324
1.78068
1.77813
1.77559
1.77305
1.77052
1.768
1.76548
1.76298
1.76048
1.75798
1.75549
1.75302
1.75054
1.74808
1.74562
1.74317
1.74072
1.73828
1.73585
1.73343
1.73101
1.7286
1.72619
1.7238
1.7214
1.71902
1.71664
1.71427
1.71191
1.70955
1.7072
1.70485
1.70251
1.70018
1.69785
1.69553
1.69322
1.69091
1.68861
1.68632
1.68403
1.68175
1.67947
1.6772
1.67494
1.67268
1.67043
1.66818
1.66594
1.66371
1.66148
1.65926
1.65705
1.65484
1.65263
1.65043
1.64824
1.64606
1.64388
1.6417
1.63953
1.63737
1.63521
1.63306
1.63091
1.62877
1.62664
1.62451
1.62239
1.62027
1.61815
1.61605
1.61395
1.61185
1.60976
1.60767
1.60559
1.60352
1.60145
1.59939
1.59733
1.59527
1.59323
1.59118
1.58914
1.58711
1.58509
1.58306
1.58105
1.57903
1.57703
1.57503
1.57303
1.57104
1.56905
1.56707
1.56509
1.56312
1.56116
1.5592
1.55724
1.55529
1.55334
1.5514
1.54946
1.54753
1.5456
1.54368
1.54176
1.53985
1.53794
1.53604
1.53414
1.53224
1.53035
1.52847
1.52659
1.52471
1.52284
1.52098
1.51911
1.51726
1.5154
1.51356
1.51171
1.50987
1.50804
1.50621
1.50438
1.50256
1.50074
1.49893
1.49712
1.49532
1.49352
1.49172
1.48993
1.48815
1.48636
1.48459
1.48445
1.48268
1.48091
1.47914
1.47738
1.47562
1.47387
1.47212
1.47038
1.46864
1.4669
1.46517
1.46344
1.46172
1.46
1.45828
1.45657
1.45487
1.45316
1.45146
1.44977
1.44807
1.44639
1.4447
1.44302
1.44135
1.43968
1.43801
1.43634
1.43468
1.43303
1.43137
1.42972
1.42808
1.42644
1.4248
1.42317
1.42153
1.41991
1.41829
1.41667
1.41505
1.41344
1.41183
1.41023
1.40863
1.40703
1.40544
1.40385
1.40226
1.40068
1.3991
1.39752
1.39595
1.39438
1.39282
1.39126
1.3897
1.38814
1.38659
1.38504
1.3835
1.38196
1.38042
1.37889
1.37736
1.37583
1.37431
1.37279
1.37127
1.36976
1.36825
1.36674
1.36524
1.36374
1.36224
1.36075
1.35926
1.35777
1.35628
1.3548
1.35333
1.35185
1.35038
1.34891
1.34745
1.34599
1.34453
1.34307
1.34162
1.34017
1.33873
1.33728
1.33584
1.33441
1.33298
1.33155
1.33012
1.32869
1.32727
1.32585
1.32444
1.32303
1.32162
1.32021
1.31881
1.31741
1.31601
1.31462
1.31323
1.31184
1.31045
1.30907
1.30769
1.30632
1.30494
1.30357
1.3022
1.30084
1.29948
1.29812
1.29676
1.29541
1.29406
1.29271
1.29136
1.29002
1.28868
1.28734
1.28601
1.28468
1.28335
1.28202
1.2807
1.27938
1.27806
1.27675
1.27544
1.27413
1.27282
1.27152
1.27021
1.26892
1.26762
1.26633
1.26504
1.26375
1.26246
1.26118
1.2599
1.25862
1.25735
1.25607
1.2548
1.25354
1.25227
1.25101
1.24975
1.24849
1.24724
1.24598
1.24473
1.24349
1.24224
1.241
1.23976
1.23852
1.23729
1.23606
1.23483
1.2336
1.23237
1.23115
1.22993
1.22871
1.2275
1.22628
1.22507
1.22387
1.22266
1.22146
1.22026
1.21906
1.21786
1.21667
1.21548
1.21429
1.2131
1.21191
1.21073
1.20955
1.20837
1.2072
1.20603
1.20485
1.20369
1.20252
1.20136
1.20019
1.19903
1.19788
1.19672
1.19557
1.19442
1.19327
1.19212
1.19098
1.18984
1.1887
1.18756
1.18642
1.18529
1.18416
1.18303
1.1819
1.18078
1.17966
1.17854
1.17742
1.1763
1.17519
1.17408
1.17297
1.17186
1.17075
1.16965
1.16855
1.16745
1.16635
1.16526
1.16417
1.16307
1.16199
1.1609
1.15981
1.15873
1.15765
1.15657
1.15549
1.15442
1.15335
1.15227
1.15121
1.15014
1.14907
1.14801
1.14695
1.14589
1.14483
1.14378
1.14273
1.14167
1.14063
1.13958
1.13853
1.13749
1.13645
1.13541
1.13437
1.13333
1.1323
1.13127
1.13024
1.12921
1.12818
1.12716
1.12613
1.12511
1.12409
1.12308
1.12206
1.12105
1.12004
1.11903
1.11802
1.11701
1.11601
1.115
1.114
1.113
1.11201
1.11101
1.11002
1.10903
1.10804
1.10705
1.10606
1.10508
1.10409
1.10311
1.10213
1.10115
1.10018
1.0992
1.09823
1.09726
1.09629
1.09532
1.09436
1.09339
1.09243
1.09147
1.09051
1.08955
1.0886
1.08764
1.08669
1.08574
1.08479
1.08384
1.0829
1.08195
1.08101
1.08007
1.07913
1.07819
1.07726
1.07632
1.07539
1.07446
1.07353
1.0726
1.07168
1.07075
1.06983
1.06891
1.06799
1.06707
1.06615
1.06524
1.06432
1.06341
1.0625
1.06159
1.06068
1.05978
1.05887
1.05797
1.05707
1.05617
1.05527
1.05438
1.05348
1.05259
1.05169
1.0508
1.04992
1.04903
1.04814
1.04726
1.04637
1.04549
1.04461
1.04373
1.04286
1.04198
1.04111
1.04023
1.03936
1.03849
1.03763
1.03676
1.03589
1.03503
1.03417
1.03331
1.03245
1.03159
1.03073
1.02988
1.02902
1.02817
1.02732
1.02647
1.02562
1.02477
1.02393
1.02308
1.02224
1.0214
1.02056
1.01972
1.01888
1.01805
1.01721
1.01638
1.01555
1.01472
1.01389
1.01306
1.01223
1.01141
1.01059
1.00976
1.00894
1.00812
1.00731
1.00649
1.00567
1.00486
1.00405
1.00323
1.00242
1.00161
1.00081
1
0.99919
0.99839
0.99759
0.99679
0.99599
0.99519
0.99439
0.99359
0.9928
0.99201
0.99121
0.99042
0.98963
0.98884
0.98806
0.98727
0.98649
0.9857
0.98492
0.98414
0.98336
0.98258
0.9818
0.98103
0.98025
0.97948
0.97871
0.97794
0.97717
0.9764
0.97563
0.97486
0.9741
0.97333
0.97257
0.97181
0.97105
0.97029
0.96953
0.96877
0.96802
0.96726
0.96651
0.96576
0.96501
0.96426
0.96351
0.96276
0.96202
0.96127
0.96053
0.95978
0.95904
0.9583
0.95756
0.95682
0.95609
0.95535
0.95462
0.95388
0.95315
0.95242
0.95169
0.95096
0.95023
0.9495
0.94878
0.94805
0.94733
0.94661
0.94588
0.94516
0.94444
0.94373
0.94301
0.94229
0.94158
0.94086
0.94015
0.93944
0.93873
0.93802
0.93731
0.9366
0.9359
0.93519
0.93449
0.93378
0.93308
0.93238
0.93168
0.93098
0.93028
0.92959
0.92889
0.9282
0.9275
0.92681
0.92612
0.92543
0.92474
0.92405
0.92336
0.92268
0.92199
0.92131
0.92062
0.91994
0.91926
0.91858
0.9179
0.91722
0.91654
0.91587
0.91519
0.91452
0.91384
0.91317
0.9125
0.91183
0.91116
0.91049
0.90982
0.90916
0.90849
0.90783
0.90716
0.9065
0.90584
0.90518
0.90452
0.90386
0.9032
0.90255
0.90189
0.90123
0.90058
0.89993
0.89928
0.89862
0.89797
0.89732
0.89668
0.89603
0.89538
0.89474
0.89409
0.89345
0.89281
0.89216
0.89152
0.89088
0.89024
0.88961
0.88897
0.88833
0.8877
0.88706
0.88643
0.8858
0.88516
0.88453
0.8839
0.88327
0.88265
0.88202
0.88139
0.88077
0.88014
0.87952
0.8789
0.87827
0.87765
0.87703
0.87641
0.87579
0.87518
0.87456
0.87394
0.87333
0.87271
0.8721
0.87149
0.87088
0.87027
0.86966
0.86905
0.86844
0.86783
0.86723
0.86662
0.86602
0.86541
0.86481
0.86421
0.8636
0.863
0.8624
0.86181
0.86121
0.86061
0.86001
0.85942
0.85882
0.85823
0.85764
0.85704
0.85645
0.85586
0.85527
0.85468
0.85409
0.85351
0.85292
0.85234
0.85175
0.85117
0.85058
0.85
0.84942
0.84884
0.84826
0.84768
0.8471
0.84652
0.84594
0.84537
0.84479
0.84422
0.84364
0.84307
0.8425
0.84193
0.84136
0.84079
0.84022
0.83965
0.83908
0.83851
0.83795
0.83738
0.83682
0.83625
0.83569
0.83513
0.83457
0.83401
0.83345
0.83289
0.83233
0.83177
0.83121
0.83066
0.8301
0.82955
0.82899
0.82844
0.82789
0.82733
0.82678
0.82623
0.82568
0.82513
0.82458
0.82404
0.82349
0.82294
0.8224
0.82185
0.82131
0.82077
0.82022
0.81968
0.81914
0.8186
0.81806
0.81752
0.81698
0.81645
0.81591
0.81537
0.81484
0.8143
0.81377
0.81324
0.8127
0.81217
0.81164
0.81111
0.81058
0.81005
0.80952
0.809
0.80847
0.80794
0.80742
0.80689
0.80637
0.80584
0.80532
0.8048
0.80428
0.80376
0.80324
0.80272
0.8022
0.80168
0.80116
0.80065
0.80013
0.79961
0.7991
0.79858
0.79807
0.79756
0.79705
0.79653
0.79602
0.79551
0.795
0.79449
0.79399
0.79348
0.79297
0.79246
0.79196
0.79145
0.79095
0.79045
0.78994
0.78944
0.78894
0.78844
0.78794
0.78744
0.78694
0.78644
0.78594
0.78544
0.78495
0.78445
0.78395
0.78346
0.78297
0.78247
0.78198
0.78149
0.78099
0.7805
0.78001
0.77952
0.77903
0.77854
0.77806
0.77757
0.77708
0.7766
0.77611
0.77563
