59.6161
60.0349
60.8726
61.8499
62.8272
63.9442
64.9215
66.0384
66.8761
68.1326
69.2496
69.3892
68.4119
67.0157
65.7592
64.5026
63.6649
62.548
61.9895
61.4311
60.3141
59.4764
58.0803
56.9634
56.1257
55.0087
54.0314
52.9145
51.6579
50.541
49.5637
48.3072
47.1902
45.9337
44.5375
43.8394
43.0017
41.3264
39.9302
38.6736
37.4171
35.8813
34.7644
33.7871
32.5305
31.1344
29.7382
28.0628
26.6667
25.2705
24.014
22.897
23.0366
23.8743
24.8517
25.6894
26.2478
26.3874
25.5497
24.8517
25.2705
26.1082
27.0855
28.2024
29.1798
30.0175
29.7382
28.9005
28.0628
27.2251
26.6667
25.829
25.2705
24.9913
24.8517
24.2932
23.4555
22.7574
22.199
21.7801
21.082
20.5236
20.1047
19.5462
18.9878
18.2897
17.8709
17.452
16.8935
16.3351
15.9162
15.3578
14.7993
14.3805
13.9616
13.5428
12.8447
12.4258
12.007
11.5881
11.1693
10.7504
10.3316
9.9127
9.4939
9.21591
8.9354
8.69361
8.42803
7.9581
7.6789
7.3997
6.9808
6.7016
6.562
6.1431
5.8639
5.5846
5.445
5.3054
5.0262
4.7469
4.6073
