0.000687
0.000694
0.000701
0.000708
0.000715
0.000722
0.000729
0.000737
0.000744
0.000751
0.000759
0.000767
0.000774
0.000782
0.00079
0.000798
0.000806
0.000814
0.000822
0.000831
0.000839
0.000848
0.000856
0.000865
0.000874
0.000882
0.000891
0.0009
0.000909
0.000919
0.000928
0.000937
0.000947
0.000956
0.000966
0.000976
0.000986
0.000996
0.00101
0.00102
0.00103
0.00104
0.00105
0.00106
0.00107
0.00108
0.00109
0.0011
0.00111
0.00112
0.00113
0.00115
0.00116
0.00117
0.00118
0.00119
0.00121
0.00122
0.00123
0.00124
0.00126
0.00127
0.00128
0.00129
0.00131
0.00132
0.00134
0.00135
0.00136
0.00138
0.00139
0.00141
0.00142
0.00143
0.00145
0.00146
0.00148
0.00149
0.00151
0.00152
0.00154
0.00156
0.00157
0.00159
0.00161
0.00162
0.00164
0.00166
0.00167
0.00169
0.00171
0.00173
0.00174
0.00176
0.00178
0.0018
0.00182
0.00184
0.00185
0.00187
0.00189
0.00191
0.00193
0.00195
0.00197
0.00199
0.00201
0.00204
0.00206
0.00208
0.0021
0.00212
0.00215
0.00217
0.00219
0.00222
0.00224
0.00226
0.00229
0.00231
0.00233
0.00236
0.00239
0.00241
0.00244
0.00246
0.00249
0.00252
0.00254
0.00257
0.0026
0.00263
0.00265
0.00268
0.00271
0.00274
0.00277
0.0028
0.00283
0.00286
0.0029
0.00293
0.00296
0.00299
0.00303
0.00306
0.00309
0.00313
0.00316
0.0032
0.00324
0.00327
0.00331
0.00335
0.00338
0.00342
0.00346
0.0035
0.00354
0.00358
0.00362
0.00366
0.00371
0.00375
0.00379
0.00384
0.00388
0.00393
0.00398
0.00402
0.00407
0.00412
0.00417
0.00422
0.00427
0.00432
0.00437
0.00443
0.00448
0.00454
0.00459
0.00465
0.00471
0.00476
0.00482
0.00488
0.00495
0.00501
0.00507
0.00514
0.0052
0.00527
0.00534
0.00541
0.00548
0.00555
0.00563
0.0057
0.00578
0.00586
0.00594
0.00602
0.0061
0.00618
0.00627
0.00636
0.00645
0.00654
0.00663
0.00687
0.00711
0.00737
0.00762
0.00788
0.00813
0.00839
0.00866
0.00898
0.0106
0.01205
0.0131
0.01417
0.01524
0.01633
0.01721
0.01769
0.01809
0.01833
0.01856
0.01879
0.01914
0.0195
0.02342
0.02874
0.03411
0.03539
0.03558
0.03577
0.04079
0.04656
0.05307
0.05983
0.06667
0.08479
0.1054
0.1262
0.14722
0.19806
0.25177
0.30602
0.36082
0.41889
0.49868
0.57926
0.62363
0.63646
0.61037
0.58403
0.54422
0.52474
0.55182
0.56886
0.58549
0.60248
0.6345
0.67681
0.70917
0.73412
0.74238
0.74098
0.74056
0.73628
0.72967
0.72078
0.7105
0.7014
0.69378
0.67634
0.67745
0.70287
0.71952
0.73192
0.72995
0.72425
0.72558
0.71953
0.70673
0.69497
0.68854
0.68607
0.68363
0.67805
0.66594
0.65199
0.64854
0.65451
0.66068
0.66688
0.67297
0.67885
0.68443
0.6896
0.69425
0.69782
0.69993
0.69994
0.69461
0.68542
0.67632
0.66723
0.65813
0.64914
0.64325
0.63549
0.62095
0.60778
0.59769
0.58734
0.57683
0.56606
0.55391
0.54085
0.52936
0.52031
0.51172
0.50151
0.49255
0.48614
0.47968
0.47224
0.46364
0.45294
0.43443
0.41149
0.39717
0.38814
0.37598
0.36314
0.35457
0.3531
0.34981
0.34115
0.33229
0.3233
0.31381
0.30288
0.29134
0.28039
0.27002
0.26046
0.25246
0.25001
0.25229
0.25326
0.24909
0.24008
0.23005
0.22075
0.21184
0.20326
0.19503
0.18726
0.18025
0.17507
0.1716
0.16857
0.16551
0.16242
0.15929
0.15614
0.15296
0.14974
0.14649
0.14321
0.1399
0.13655
0.13337
0.13114
0.12895
0.12681
0.12469
0.12221
0.11957
0.11688
0.11424
0.11165
0.10913
0.10666
0.10424
0.10189
0.09957
0.09731
0.09509
0.09292
0.09081