1.45745
1.45747
1.4575
1.45753
1.45755
1.45758
1.45761
1.45764
1.45767
1.4577
1.45773
1.45776
1.4578
1.45783
1.45786
1.4579
1.45793
1.45797
1.458
1.45804
1.45808
1.45812
1.45816
1.4582
1.45824
1.45828
1.45832
1.45837
1.45841
1.45846
1.4585
1.45855
1.4586
1.45865
1.4587
1.45875
1.4588
1.45886
1.45891
1.45897
1.45903
1.45908
1.45914
1.4592
1.45927
1.45933
1.45939
1.45946
1.45953
1.45959
1.45966
1.45973
1.45981
1.45988
1.45996
1.46003
1.46011
1.46019
1.46028
1.46036
1.46045
1.46053
1.46062
1.46071
1.46081
1.4609
1.461
1.4611
1.4612
1.4613
1.46141
1.46151
1.46162
1.46173
1.46185
1.46196
1.46208
1.4622
1.46233
1.46246
1.46258
1.46272
1.46285
1.46299
1.46313
1.46327
1.46342
1.46357
1.46372
1.46388
1.46403
1.4642
1.46436
1.46453
1.4647
1.46488
1.46506
1.46525
1.46543
1.46563
1.46582
1.46602
1.46623
1.46644
1.46665
1.46687
1.46709
1.46732
1.46755
1.46779
1.46803
1.46828
1.46853
1.46879
1.46906
1.46933
1.46961
1.46989
1.47018
1.47047
1.47077
1.47108
1.4714
1.47172
1.47205
1.47238
1.47273
1.47308
1.47344
1.47381
1.47418
1.47457
1.47496
1.47536
1.47577
1.47619
1.47662
1.47706
1.47751
1.47797
1.47844
1.47892
1.47942
1.47992
1.48044
1.48096
1.48151
1.48206
1.48263
1.48321
1.4838
1.48441
1.48503
1.48567
1.48632
1.48699
1.48768
1.48838
1.4891
1.48984
1.49059
1.49137
1.49216
1.49297
1.49381
1.49466
1.49554
1.49644
1.49737
1.49832
1.49929
1.50029
1.50131
1.50236
1.50345
1.50455
1.5057
1.50687
1.50807
1.50931
1.51058
1.51189
1.51323
1.51462
1.51604
1.51751
1.51902
1.52058
1.52218
1.52383
1.52553
1.52729
1.52909
1.53096
1.53289
1.53488
1.53694
1.53907
1.54127
1.54355
1.54591
1.54835
1.55089
1.55352
1.55626
1.5591
1.56207
1.56517
1.56844
1.57184
1.57533
1.57895
1.58271
1.58664
1.59077
1.59514
1.59981
1.60499
1.61017
1.61498
1.61982
1.62486
1.63006
1.63537
1.64084
1.64667
1.65301
1.65993
1.66756
1.67599
1.6854
1.6964
1.70803
1.7186
1.72767
1.73703
1.74891
1.76409
1.78105
1.79833
1.81668
1.83698
1.86161
1.88789
1.91235
1.9376
1.96936
1.99881
2.0159
2.0246
2.02736
2.02586
2.00969
1.96443
1.89868
1.82985
1.77601
1.74317
1.73279
1.74628
1.7568
1.75456
1.75103
1.74921
1.74513
1.72842
1.69926
1.66253
1.62378
1.59017
1.56069
1.53332
1.50888
1.48771
1.47051
1.45689
1.44515
1.44163
1.44658
1.4426
1.42568
1.40208
1.3775
1.358
1.33881
1.31794
1.30104
1.28983
1.28135
1.27205
1.26059
1.24801
1.23814
1.23538
1.23724
1.23664
1.23182
1.2245
1.21526
1.20437
1.19194
1.17799
1.16242
1.14516
1.12624
1.10556
1.08461
1.0659
1.04962
1.03477
1.02101
1.00837
0.9951
0.9798
0.96605
0.95584
0.94654
0.93701
0.92767
0.91849
0.90997
0.90317
0.89802
0.89303
0.88723
0.88171
0.87708
0.87179
0.86484
0.85658
0.84718
0.83642
0.82718
0.8246
0.82669
0.82743
0.82728
0.82941
0.83338
0.83484
0.8319
0.82817
0.82555
0.8233
0.82124
0.8199
0.82002
0.8216
0.82443
0.82862
0.83449
0.84035
0.84263
0.84017
0.83536
0.83155
0.83011
0.83033
0.83151
0.83349
0.83622
0.83975
0.84412
0.84889
0.85314
0.85652
0.85928
0.86168
0.86382
0.86578
0.86761
0.86936
0.87107
0.87279
0.87456
0.87648
0.87868
0.88079
0.88251
0.88398
0.88517
0.88621
0.8873
0.88846
0.8897
0.89098
0.89227
0.89357
0.89488
0.89618
0.89748
0.89878
0.90007
0.90136
0.90264