0.06759
0.06751
0.06748
0.06738
0.06744
0.06739
0.0674
0.06739
0.06748
0.06745
0.06752
0.0675
0.06748
0.06749
0.06756
0.06752
0.06763
0.06766
0.06765
0.06773
0.06779
0.06782
0.0679
0.06798
0.06798
0.06806
0.06815
0.06828
0.06834
0.06841
0.06851
0.06857
0.06863
0.0687
0.06881
0.06888
0.069
0.06907
0.06919
0.06923
0.06931
0.06935
0.06935
0.06935
0.06938
0.06942
0.06941
0.06945
0.06948
0.06959
0.06964
0.06974
0.06986
0.06999
0.07007
0.07014
0.07018
0.0702
0.07018
0.07014
0.07015
0.07015
0.07016
0.07019
0.07019
0.07016
0.07013
0.07018
0.07019
0.0702
0.07023
0.07029
0.07023
0.07025
0.07029
0.0703
0.07033
0.07039
0.0704
0.07041
0.07042
0.07048
0.07051
0.07056
0.07064
0.07073
0.07078
0.07087
0.07096
0.07102
0.07106
0.07113
0.07119
0.07123
0.0713
0.07136
0.07145
0.07151
0.07155
0.07159
0.07162
0.0716
0.07158
0.07158
0.07156
0.07159
0.07158
0.0716
0.07166
0.07171
0.07177
0.07187
0.07197
0.07203
0.07208
0.07214
0.07216
0.07222
0.07227
0.07234
0.07237
0.07242
0.07243
0.07245
0.07246
0.0725
0.07254
0.07258
0.07264
0.07267
0.07272
0.07277
0.0728
0.07283
0.07287
0.07289
0.07291
0.07293
0.07297
0.07304
0.0731
0.0732
0.0733
0.0734
0.07348
0.07358
0.07363
0.07372
0.07377
0.07384
0.0739
0.07397
0.07404
0.0741
0.07413
0.07418
0.07419
0.07415
0.07407
0.07392
0.07374
0.07356
0.07339
0.07326
0.0732
0.07315
0.07315
0.0732
0.07324
0.07332
0.07341
0.0735
0.07357
0.07363
0.07367
0.07366
0.07366
0.07366
0.07368
0.07369
0.07372
0.07369
0.07369
0.07366
0.07366
0.07366
0.07368
0.07369
0.0737
0.0737
0.07366
0.07367
0.07367
0.07367
0.07367
0.07371
0.07368
0.07367
0.07366
0.07369
0.07365
0.07367
0.07367
0.07368
0.07367
0.07367
0.0737
0.07372
0.07373
0.07373
0.07376
0.07372
0.07369
0.07366
0.07364
0.07361
0.07361
0.07364
0.07362
0.07378
0.07391
0.07403
0.07409
0.07423
0.07415
0.07413
0.07407
0.07406
0.07398
0.07396
0.07389
0.07386
0.07383
0.07381
0.07379
0.07377
0.07376
0.07373
0.0737
0.07367
0.07367
0.07361
0.07357
0.07355
0.0735
0.07346
0.07347
0.07349
0.07349
0.07354
0.07353
0.07359
0.07364
0.07371
0.07377
0.07387
0.07388
0.07392
0.07392
0.07392
0.07391
0.07393
0.0739
0.07387
0.07382
0.07373
0.07364
0.07355
0.07346
0.07337
0.07331
0.07322
0.07315
0.0731
0.07307
0.07307
0.0731
0.07311
0.07314
0.0732
0.07321
0.07322
0.07325
0.07327
0.07326
0.07329
0.07332
0.07336
0.07335
0.07338
0.07338
0.0734
0.07338
0.07341
0.0734
0.07338
0.07342
0.07342
0.07344
0.07347
0.07346
0.07346
0.0735
0.07349
0.0735
0.07356
0.07356
0.07356
0.07357
0.07356
0.07355
0.07353
0.07352
0.07352
0.07355
0.07358
0.0736
0.0736
0.07361
0.07359
0.07358
0.07359
0.0736
0.07362
0.07365
0.07367
0.0737
0.0737
0.07369
0.07369
0.07368
0.07366
0.07369
0.07371
0.07371
0.07375
0.07375
0.07372
0.07374
0.07376
0.07378
0.07382
0.07393
0.07402
0.07415
0.07427
0.0744
0.07447
0.07453
0.07453
0.07447
0.07438
0.07428
0.07413
0.07401
0.07388
0.07375
0.07361
0.07355
0.07349
0.07354
0.07359
0.07368
0.07372
0.07382
0.07384
0.07393
0.07397
0.07404
0.07409
0.07416
0.07416
0.07419
0.07423
0.07428
0.0743
0.07435
0.07436
0.07436
0.07435
0.07435
0.07436
0.07445
0.07452
0.07465
0.07472
0.0748
0.07487
0.0749
0.07489
0.07497
0.07502
0.07509
0.0752
0.07526
0.07539
0.07551
0.07561
0.07572
0.0759
0.07602
0.0762
0.07633
0.07651
0.07671
0.07688
0.07706
0.07732
0.07748
0.07762
0.07782
0.07796
0.07811
0.07833
0.07864
0.0789
0.07918
0.07944
0.07968
0.07992
0.08021
0.08055
0.08089
0.08126
0.08156
0.08176
0.08203
0.08233
0.08265
0.08295
0.08331
0.08365
0.08392
0.08423
0.08456
0.08498
0.08535
0.08566
0.08598
0.08626
0.08656
0.08689
0.08732
0.0877
0.08814
0.08853
0.08892
0.0893
0.08967
0.09003
0.09026
0.09046
0.09069
0.091
0.09138
0.09178
0.0922
0.09263
0.09296
0.09312
0.09335
0.09362
0.09389
0.09414
0.0945
0.09482
0.09513
0.09538
0.09566
0.0959
0.09624
0.09657
0.09686
0.09716
0.09746
0.09772
0.09789
0.09825
0.09852
0.0988
0.09899
0.09925
0.09944
0.09972
0.09986
0.10014
0.10034
0.10046
0.10049
0.10073
0.10076
0.10098
0.10118
0.10135
0.10145
0.10165
0.1017
0.10174
0.10194
0.10196
0.10199
0.1022
0.10249
0.10272
0.10293
0.10309
0.10326
0.1034
0.10331
0.10356
0.10367
0.10358
0.10365
0.10391
0.10399
0.1043
0.10444
0.10459
0.1046
0.10466
0.10481
0.10492
0.10504
0.10511
0.10523
0.10529
0.1054
0.10547
0.10556
0.10568
0.10576
0.10578
0.10588
0.10602
0.10609
0.10616
0.10625
0.10638
0.10649
0.10654
0.1066
0.10669
0.10684
0.10694
0.10695
0.10703
0.1072
0.10735
0.10744
0.10755
0.10761
0.10771
0.10778
0.1078
0.10787
0.10803
0.10813
0.10815
0.10819
0.1083
0.10841
0.10858
0.10866
0.10874
0.10885
0.109
0.10908
0.10916
0.10923
0.10933
0.10937
0.10941
0.1095
0.10961
0.10971
0.10981
0.10985
0.10997
0.11008
0.11017
0.11025
0.11033
0.11041
0.11046
0.11055
0.11064
0.11071
0.11077
0.1108
0.1109
0.11102
0.11114
0.11128
0.11143
0.11154
0.11162
0.11167
0.11171
0.11178
0.1119
0.11193
0.112
0.11207
0.11214
0.1122
0.11228
0.11237
0.11247
0.1126
0.11271
0.1128
0.1129
0.11298
0.11305
0.11313
0.1132
0.11326
0.11333
0.11338
0.11343
0.11351
0.11357
0.11361
0.11368
0.11375
0.11381
0.11387
0.11396
0.11406
0.11416
0.11426
0.11434
0.1144
0.11451
0.11457
0.11464
0.11473
0.1148
0.11487
0.11492
0.11499
0.11505
0.1151
0.11517
0.11523
0.11528
0.11533
0.11538
0.11542
0.11544
0.11547
0.1155
0.11554
0.11558
0.11561
0.11564
0.11568
0.11572
0.11575
0.11579
0.11582
0.11587
0.1159
0.11593
0.11593
0.11596
0.11597
0.116
0.11602
0.11603
0.11603
0.11605
0.11604
0.11608
0.11608
0.11613
0.11613
0.11613
0.11614
0.11613
0.11615
0.11617
0.11619
0.11618
0.11617
0.11618
0.11617
0.11616
0.11617
0.11616
0.11617
0.11614
0.11611
0.11609
0.1161
0.11609
0.11608
0.11606
0.11605
0.11603
0.116
0.11599
0.11598
0.11598
0.11597
0.11593
0.11587
0.11585
0.11585
0.11583
0.11581
0.11579
0.11577
0.11576
0.11572
0.1157
0.1157
0.11571
0.11569
0.11565
0.11563
0.1156
0.11558
0.11555
0.11552
0.11549
0.11546
0.11543
0.11539
0.11536
0.11533
0.1153
0.11526
0.11523
0.1152
0.11518
0.11515
0.11512
0.11509
0.11506
0.11504
0.115
0.11497
0.11494
0.11491
0.11487
0.11483
0.1148
0.11476
0.11471
0.11468
0.11464
0.11461
0.11458
0.11454
0.1145
0.11445
0.11442
0.11438
0.11435
0.11431
0.11427
0.11423
0.11418
0.11413
0.11409
0.11404
0.11399
0.11393
0.11389
0.11383
0.11378
0.11373
0.11366
0.1136
0.11354
0.11348
0.11341
0.11336
0.1133
0.11326
0.1132
0.11315
0.11309
0.11306
0.11302
0.11298
0.11295
0.11291
0.11288
0.11285
0.11282
0.11278
0.11275
0.11271
0.11269
0.11266
0.11263
0.11261
0.11258
0.11255
0.11251
0.11248
0.11246
0.11243
0.11241
0.11237
0.11234
0.11231
0.11228
0.11226
0.11223
0.11221
0.11219
0.11218
0.11216
0.11214
0.11212
0.1121
0.11208
0.11207
0.11205
0.11205
0.11203
0.11202
0.11199
0.11198
0.11196
0.11193
0.11192
0.11189
0.11187
0.11185
0.11181
0.11179
0.11176
0.11173
0.1117
0.11169
0.11167
0.11165
0.11163
0.11161
0.11159
0.11157
0.11155
0.11152
0.1115
0.11148
0.11145
0.11143
0.11141
0.11139
0.11136
0.11134
0.11132
0.11128
0.11127
0.11124
0.11121
0.11119
0.11116
0.11113
0.1111
0.11106
0.11103
0.111
0.11097
0.11093
0.1109
0.11087
0.11084
0.11081
0.11077
0.11074
0.11072
0.11068
0.11065
0.11063
0.1106
0.11058
0.11054
0.11051
0.11048
0.11044
0.11041
0.11038
0.11034
0.11031
0.11028
0.11026
0.11023
0.1102
0.11018
0.11015
0.11013
0.1101
0.11007
0.11004
0.11002
0.11
0.10996
0.10994
0.10992
0.10989
0.10987
0.10985
0.10982
0.1098
0.10978
0.10977
0.10974
0.10972
0.1097
0.10967
0.10966
0.10965
0.10963
0.10962
0.10961
0.1096
0.10957
0.10956
0.10954
0.10953
0.10952
0.1095
0.10948
0.10946
0.10945
0.10943
0.1094
0.1094
0.10938
0.10937
0.10936
0.10936
0.10935
0.10934
0.10934
0.10934
0.10933
0.10934
0.10933
0.10933
0.10933
0.10932
0.10932
0.10932
0.10933
0.10933
0.10934
0.10934
0.10935
0.10936
0.10937
0.10938
0.1094
0.10941
0.10942
0.10943
0.10944
0.10946
0.10947
0.10949
0.10951
0.10953
0.10956
0.10959
0.1096
0.10963
0.10966
0.10968
0.1097
0.10972
0.10975
0.10977
0.1098
0.10982
0.10984
0.10987
0.10991
0.10994
0.10998
0.11002
0.11006
0.11011
0.11016
0.11019
0.11025
0.1103
0.11036
0.1104
0.11047
0.11053
0.11059
0.11065
0.11072
0.11079
0.11084
0.11089
0.11094
0.11099
0.11105
0.11109
0.11115
0.11121
0.11127
0.11132
0.11138
0.11146
0.11155
0.11164
0.11173
0.11181
0.11191
0.11198
0.11205
0.11214
0.11222
0.11229
0.11237
0.11244
0.11251
0.11258
0.11266
0.11273
0.1128
0.11289
0.11296
0.11305
0.11314
0.11322
0.11331
0.1134
0.1135
0.11359
0.11368
0.11378
0.11387
0.11396
0.11405
0.11414
0.11423
0.11432
0.11441
0.1145
0.11459
0.1147
0.11482
0.11493
0.11506
0.11518
0.11531
0.11544
0.1156
0.11576
0.11592
0.11607
0.11624
0.1164
0.11657
0.11674
0.11694
0.11713
0.11733
0.11752
0.11772
0.11793
0.11814
0.11835
0.11856
0.11877
0.11898
0.11917
0.11938
0.11961
0.11982
0.12003
0.12024
0.12047
0.1207
0.12092
0.12116
0.12139
0.12164
0.12188
0.12211
0.12235
0.1226
0.12283
0.12305
0.12329
0.12352
0.12375
0.12396
0.12418
0.12439
0.12461
0.12483
0.12503
0.12524
0.12544
0.12564
0.12582
0.12601
0.12621
0.12639
0.12656
0.12673
0.12689
0.12704
0.12718
0.12735
0.12749
0.12764
0.12777
0.1279
0.12803
0.12815
0.12828
0.12839
0.12853
0.12865
0.12875
0.12886
0.12895
0.12905
0.12913
0.12923
0.12932
0.1294
0.12947
0.12955
0.12962
0.12969
0.12975
0.12983
0.1299
0.12997
0.13003
0.13008
0.13014
0.13021
0.13026
0.1303
0.13035
0.1304
0.13043
0.13048
0.13051
0.13052
0.13054
0.13056
0.13057
0.13058
0.13058
0.13058
0.13059
0.13059
0.13057
0.13058
0.13059
0.13058
0.13057
0.13057
0.13056
0.13056
0.13057
0.13056
0.13055
0.13055
0.13053
0.13053
0.13053
0.13054
0.13052
0.1305
0.1305
0.13048
0.13047
0.13047
0.13046
0.13045
0.13043
0.13042
0.1304
0.13041
0.1304
0.13039
0.1304
0.13039
0.13039
0.13037
0.13037
0.13037
0.13037
0.13037
0.13035
0.13034
0.13033
0.13031
0.13032
0.13032
0.13034
0.13032
0.13032
0.13031
0.13033
0.13034
0.13034
0.13035
0.13037
0.13038
0.13038
0.13038
0.13042
0.13043
0.13044
0.13044
0.13045
0.13047
0.13048
0.13048
0.13049
0.1305
0.13051
0.13052
0.13054
0.13056
0.13057
0.13059
0.1306
0.13064
0.13067
0.13067
0.13069
0.13073
0.13075
0.13076
0.1308
0.13083
0.13086
0.13088
0.13091
0.13092
0.13097
0.131
0.13101
0.13105
0.13108
0.1311
0.13115
0.13118
0.13121
0.13122
0.13126
0.13127
0.13131
0.13134
0.13134
0.13138
0.13141
0.1314
0.13142
0.13144
0.13147
0.1315
0.13154
0.13158
0.13162
0.13166
0.13168
0.1317
0.13174
0.13179
0.13185
0.1319
0.13195
0.13202
0.13205
0.13209
0.13215
0.1322
