0.07282
0.07245
0.07217
0.07192
0.07167
0.07142
0.07116
0.07085
0.07048
0.07011
0.0698
0.06899
0.06834
0.06783
0.0673
0.06679
0.06631
0.06584
0.06532
0.06481
0.06433
0.06389
0.06345
0.06298
0.06248
0.06197
0.06143
0.06092
0.06047
0.0601
0.05976
0.0594
0.05906
0.05875
0.0584
0.05798
0.05752
0.05709
0.05669
0.05635
0.05606
0.05575
0.05543
0.05509
0.05474
0.05442
0.05413
0.05388
0.05362
0.05335
0.05307
0.05279
0.05251
0.05218
0.05179
0.0514
0.05105
0.05074
0.05041
0.05005
0.04969
0.04931
0.04892
0.04855
0.04819
0.04783
0.04748
0.04713
0.04679
0.04643
0.04606
0.04567
0.04525
0.04482
0.04441
0.04402
0.04368
0.04336
0.04304
0.04271
0.04239
0.04207
0.04176
0.04145
0.04114
0.04083
0.04051
0.04018
0.03982
0.03944
0.03908
0.03874
0.03844
0.03816
0.0379
0.03764
0.03738
0.03711
0.03684
0.03656
0.03629
0.03602
0.03576
0.03549
0.03521
0.03493
0.03463
0.03433
0.03404
0.03377
0.0335
0.03325
0.03297
0.03268
0.03237
0.03205
0.03174
0.03144
0.03114
0.03086
0.03057
0.03029
0.03002
0.02975
0.0295
0.02928
0.02906
0.02885
0.02865
0.02844
0.02825
0.02806
0.02787
0.02769
0.02752
0.02735
0.02718
0.02699
0.02679
0.02657
0.02634
0.02611
0.02586
0.02561
0.02535
0.02508
0.0248
0.02453
0.02425
0.02398
0.02371
0.02343
0.02316
0.0229
0.02264
0.02238
0.02213
0.0219
0.02167
0.02145
0.02124
0.02103
0.02081
0.02058
0.02036
0.02014
0.01993
0.01973
0.01954
0.01935
0.01917
0.01899
0.01881
0.01863
0.01844
0.01825
0.01805
0.01784
0.01764
0.01743
0.01724
0.01706
0.01689
0.01672
0.01657
0.01642
0.01626
0.0161
0.01593
0.01576
0.01558
0.0154
0.01522
0.01504
0.01487
0.0147
0.01453
0.01437
0.0142
0.01404
0.01389
0.01374
0.01359
0.01344
0.0133
0.01315
0.01301
0.01287
0.01273
0.01259
0.01245
0.01232
0.01218
0.01205
0.01192
0.01178
0.01166
0.01153
0.0114
0.01127
0.01115
0.01102
0.0109
0.01078
0.01066
0.01054
0.01042
0.0103
0.01018
0.01007
0.00995
0.00984
0.00972
0.00961
0.0095
0.00939
0.00928
0.00917
0.00906
0.00896
0.00885
0.00875
0.00864
0.00854
0.00844
0.00834
0.00824
0.00814
0.00804
0.00794
0.00784
0.00774
0.00765
0.00755
0.00746
0.00736
0.00727
0.00718
0.00709
0.007
0.00691
0.00682
0.00673
0.00664
0.00655
0.00646
0.00638
0.00629
0.00621
0.00613
0.00606
0.00599
0.00591
0.00584
0.00578
0.00571
0.00565
0.0056
0.00555
0.00551
0.00548
0.00545
0.00543
0.00542
0.00541
0.00541
0.00542
0.00544
0.00546
0.00548
0.00551
0.00554
0.00558
0.00562
0.00566
0.00571
0.00577
0.00583
0.00589
0.00594
0.006
0.00605
0.00611
0.00617
0.00622
0.00627
0.00633
0.00638
0.00643
0.00648
0.00653
0.00658
0.00663
0.00669
0.00674
0.00678
0.00683
0.00688
0.00693
0.00698
0.00703
0.00707
0.00712
0.00716
0.00721
0.00725
0.00729
0.00734
0.00738
0.00742
0.00746
0.00749
0.00753
0.00757
0.00761
0.00764
0.00768
0.00772
0.00775
0.00779
0.00782
0.00785
0.00788
0.00791
0.00794
0.00797
0.008
0.00803
0.00806
0.00809
0.00812
0.00814
0.00817
0.0082
0.00822
0.00825
0.00828
0.0083
0.00832
0.00835
0.00837
0.0084
0.00842
0.00845
0.00847
0.0085
0.00852
0.00855
0.00857
0.00859
0.00862
0.00864
0.00866
0.00868
0.0087
0.00873
0.00875
0.00877
0.00879
0.00881
0.00883
0.00885
0.00887
0.00888
0.0089
0.00892
0.00893
0.00895
0.00896
0.00898
0.00899
0.00901
0.00902
0.00903
0.00904
0.00905
0.00907
0.00908
0.00909
0.0091
0.00911
0.00912
0.00913
0.00914
0.00916
0.00917
0.00918
0.00919
0.0092
0.00922
0.00923
0.00924
0.00926
0.00927
0.00928
0.0093
0.00931
0.00932
0.00934
0.00935
0.00936
0.00937
0.00938
0.00939
0.0094
0.00942
0.00943
0.00944
0.00944
0.00945
0.00946
0.00947
0.00948
0.00949
0.0095
0.0095
0.00951
0.00952
0.00953
0.00953
0.00954
0.00955
0.00956
0.00956
0.00957
0.00958
0.00958
0.00959
0.0096
0.00961
0.00961
0.00962
0.00962
0.00963
0.00963
0.00964
0.00964
0.00965
0.00965
0.00965
0.00966
0.00966
0.00966
0.00966
0.00966
0.00967
0.00967
0.00967
0.00967
0.00967
0.00967
0.00967
0.00967
0.00967
0.00967
0.00967
0.00967
0.00967
0.00967
0.00967
0.00968
0.00968
0.00968
0.00968
0.00968
0.00968
0.00969
0.00969
0.00969
0.00969
0.0097
0.0097
0.0097
0.0097
0.0097
0.00971
0.00971
0.00971
0.00971
0.00971
0.00971
0.00971
0.0097
0.0097
0.0097
0.0097
0.00969
0.00969
0.00969
0.00968
0.00968
0.00968
0.00967
0.00967
0.00966
0.00966
0.00965
0.00965
0.00964
0.00964
0.00964
0.00964
0.00963
0.00963
0.00963
0.00963
0.00963
0.00963
0.00963
0.00963
0.00963
0.00963
0.00963
0.00963
0.00964
0.00964
0.00964
0.00964
0.00964
0.00965
0.00965
0.00965
0.00965
0.00965
0.00965
0.00965
0.00965
0.00965
0.00965
0.00965
0.00965
0.00964
0.00964
0.00964
0.00964
0.00963
0.00963
0.00963
0.00962
0.00962
0.00961
0.00961
0.0096
0.0096
0.00959
0.00959
0.00958
0.00958
0.00957
0.00957
0.00956
0.00955
0.00954
0.00953
0.00952
0.00951
0.0095
0.00949
0.00948
0.00947
0.00946
0.00944
0.00943
0.00942
0.0094
0.00939
0.00937
0.00936
0.00934
0.00933
0.00931
0.0093
0.00928
0.00927
0.00925
0.00923
0.00921
0.0092
0.00918
0.00916
0.00914
0.00911
0.00909
0.00907
0.00904
0.00902
0.00899
0.00897
0.00894
0.00891
0.00888
0.00885
0.00882
0.00879
0.00876
0.00873
0.0087
0.00866
0.00863
0.0086
0.00857
0.00854
0.0085
0.00847
0.00844
0.00842
0.00839
0.00838
0.00836
0.00835
0.00834
0.00834
0.00834
0.00835
0.00836
0.00837
0.00839
0.00841
0.00843
0.00846
0.00849
0.00853
0.00857
0.00861
0.00866
0.00871
0.00876
0.0088
0.00885
0.0089
0.00895
0.009
0.00905
0.0091
0.00915
0.0092
0.00924
0.00929
0.00934
0.00938
0.00942
0.00946
0.00949
0.00952
0.00956
0.00958
0.00961
0.00963
0.00965
0.00967
0.00969
0.0097
0.00971
0.00972
0.00973
0.00973
0.00973
0.00973
0.00973
0.00973
0.00973
0.00973
0.00973
0.00973
0.00972
0.00972
0.00972
0.00972
0.00972
0.00972
0.00972
0.00971
0.00971
0.00971
0.00971
0.00971
0.00971
0.00971
0.00971
0.00971
0.00971
0.0097
0.0097
0.0097
0.0097
0.0097
0.0097
0.0097
0.0097
0.0097
0.0097
0.0097
0.0097
0.0097
0.0097
0.0097
0.00971
0.00971
0.00971
0.00971
0.00971
0.00971
0.00971
0.00971
0.00971
0.00971
0.00971
0.00971
0.00971
0.00971
0.00971
0.00971
0.00971
0.00971
0.00971
0.00971
0.0097
0.0097
0.0097
0.00969
0.00969
0.00968
0.00967
0.00967
0.00966
0.00965
0.00964
0.00963
0.00962
0.00961
0.0096
0.00959
0.00958
0.00957
0.00956
0.00954
0.00953
0.00952
0.00951
0.0095
0.00949
0.00947
0.00946
0.00945
0.00944
0.00943
0.00941
0.0094
0.00939
0.00938
0.00937
0.00935
0.00934
0.00933
0.00932
0.00931
0.0093
0.00929
0.00928
0.00927
0.00926
0.00926
0.00925
0.00924
0.00924
0.00923
0.00923
0.00923
0.00922
0.00922
0.00922
0.00922
0.00921
0.00921
0.00921
0.00921
0.00921
0.00921
0.00921
0.00921
0.00921
0.00921
0.00921
0.00921
0.00921
0.00921
0.00921
0.00921
0.00921
0.00922
0.00922
0.00922
0.00922
0.00922
0.00922
0.00922
0.00922
0.00922
0.00922
0.00922
0.00922
0.00922
0.00922
0.00922
0.00922
0.00922
0.00922
0.00922
0.00922
0.00922
0.00923
0.00923
0.00923
0.00923
0.00923
0.00924
0.00924
0.00924
0.00924
0.00925
0.00925
0.00925
0.00926
0.00926
0.00926
0.00926
0.00927
0.00927
0.00927
0.00928
0.00928
0.00928
0.00929
0.00929
0.00929
0.00929
0.0093
0.0093
0.0093
0.00931
0.00931
0.00931
0.00932
0.00932
0.00932
0.00933
0.00933
0.00933
0.00933
0.00934
0.00934
0.00934
0.00935
0.00935
0.00935
0.00935
0.00935
0.00935
0.00935
0.00935
0.00935
0.00934
0.00934
0.00934
0.00933
0.00933
0.00933
0.00932
0.00931
0.00931
0.0093
0.0093
0.00929
0.00928
0.00927
0.00927
0.00926
0.00925
0.00925
0.00924
0.00923
0.00923
0.00922
0.00921
0.0092
0.0092
0.00919
0.00918
0.00918
0.00917
0.00916
0.00916
0.00915
0.00914
0.00913
0.00913
0.00912
0.00911
0.00911
0.0091
0.00909
0.00908
0.00908
0.00907
0.00906
0.00906
0.00905
0.00904
0.00904
0.00903
0.00902
0.00902
0.00901
0.00901
0.009
0.009
0.00899
0.00899
0.00899
0.00898
0.00898
0.00898
0.00898
0.00897
0.00897
0.00897
0.00897
0.00897
0.00897
0.00897
0.00897
0.00897
0.00896
0.00896
0.00896
0.00896
0.00896
0.00896
0.00896
0.00896
0.00896
0.00896
0.00896
0.00896
0.00896
0.00895
0.00895
0.00895
0.00895
0.00895
0.00895
0.00895
0.00895
0.00895
0.00895
0.00895
0.00895
0.00895
0.00894
0.00894
0.00894
0.00894
0.00894
0.00894
0.00894
0.00894
0.00894
0.00894
0.00894
0.00894
0.00894
0.00894
0.00894
0.00894
0.00893
0.00893
0.00893
0.00893
0.00893
0.00893
