0.73156
0.73543
0.73929
0.74316
0.74702
0.75089
0.75475
0.75862
0.76248
0.76635
0.77021
0.77408
0.77794
0.78181
0.78567
0.78954
0.7934
0.79727
0.80113
0.805
0.80886
0.81273
0.81659
0.82046
0.82432
0.82819
0.83205
0.83592
0.83978
0.84365
0.84751
0.85138
0.85524
0.8591
0.86297
0.86683
0.8707
0.87456
0.87843
0.88229
0.88616
0.89002
0.89389
0.89775
0.90162
0.90548
0.90935
0.91321
0.91708
0.92094
0.92481
0.92867
0.93254
0.9364
0.94027
0.94413
0.948
0.95186
0.95573
0.95959
0.96346
0.96732
0.97119
0.97505
0.97892
0.98278
0.98665
0.99051
0.99438
0.99824
1.00211
1.00597
1.00984
1.0137
1.01757
1.02143
1.0253
1.02916
1.03303
1.03689
1.04075
1.04462
1.04848
1.05235
1.05621
1.06008
1.06394
1.06781
1.07167
1.07554
1.0794
1.08327
1.08713
1.091
1.09486
1.09873
1.10259
1.10646
1.11032
1.11419
1.11805
1.12192
1.12578
1.12965
1.13351
1.13738
1.14124
1.14511
1.14897
1.15284
1.1567
1.16057
1.16443
1.1683
1.17216
1.17603
1.17989
1.18376
1.18762
1.19149
1.19535
1.19922
1.20308
1.20695
1.21081
1.21468
1.21854
1.2224
1.22627
1.23013
1.234
1.23786
1.24173
1.24559
1.24946
1.25332
1.25719
1.26105
1.26492
1.26878
1.27265
1.27651
1.28038
1.28424
1.28811
1.29197
1.29584
1.2997
1.30357
1.30743
1.3113
1.31516
1.31903
1.32289
1.32676
1.33062
1.33449
1.33835
1.34222
1.34608
1.34995
1.35381
1.35768
1.36154
1.36541
1.36927
1.37314
1.377
1.38087
1.38473
1.3886
1.39246
1.39633
1.40019
1.40405
1.40792
1.41178
1.41565
1.41951
1.42338
1.42724
1.43111
1.43497
1.43884
1.4427
1.44657
1.45043
1.4543
1.45816
1.46203
1.46589
1.46976
1.47362
1.47749
1.48135
1.48522
1.48908
1.49295
1.49681
1.50068
1.50454
1.50841
1.51227
1.51614
1.52
1.52387
1.52773
1.5316
1.53546
1.53933
1.54319
1.54706
1.55092
1.55479
1.55865
1.56252
1.56638
1.57025
1.57411
1.57798
1.58184
1.58571
1.58957
1.59343
1.5973
1.60116
1.60503
1.60889
1.61276
1.61662
1.62049
1.62435
1.62822
1.63208
1.63595
1.63981
1.64368
1.64754
1.65141
1.65527
1.65914
1.663
1.66687
1.67073
1.6746
1.67846
1.68233
1.68619
1.69006
1.69392
1.69779
1.70165
1.70552
1.70938
1.71325
1.71711
1.72098
1.72484
1.72871
1.73257
1.73644
1.7403
1.74417
1.74803
1.7519
1.75576
1.75963
1.76349
1.76736
1.77122
1.77508
1.77895
1.78281
1.78668
1.79054
1.79441
1.79827
1.80214
1.806
1.80987
1.81373
1.8176
1.82146
1.82533
1.82919
1.83306
1.83692
1.84079
1.84465
1.84852
1.85238
1.85625
1.86011
1.86398
1.86784
1.87171
1.87557
1.87944
1.8833
1.88717
1.89103
1.8949
1.89876
1.90263
1.90649
1.91036
1.91422
1.91809
1.92195
1.92582
1.92968
1.93355
1.93741
1.94128
1.94514
1.94901
1.95287
1.95673
1.9606
1.96446
1.96833
1.97219
1.97606
1.97992
1.98379
1.98765
1.99152
1.99538
1.99925
2.00311
2.00698
2.01084
2.01471
2.01857
2.02244
2.0263
2.03017
2.03403
2.0379
2.04176
2.04563
2.04949
2.05336
2.05722
2.06109
2.06495
2.06882
2.07268
2.07655
2.08041
2.08428
2.08814
2.09201
2.09587
2.09974
2.1036
2.10747
2.11133
2.1152
2.11906
2.12293
2.12679
2.13066
2.13452
2.13838
2.14225
2.14611
2.14998
2.15384
2.15771
2.16157
2.16544
2.1693
2.17317
2.17703
2.1809
2.18476
2.18863
2.19249
2.19636
2.20022
2.20409
2.20795
2.21182
2.21568
2.21955
2.22341
2.22728
2.23114
2.23501
2.23887
2.24274
2.2466
2.25047
2.25433
2.2582
2.26206
2.26593
2.26979
2.27366
2.27752
2.28139
2.28525
2.28912
2.29298
2.29685
2.30071
2.30458
2.30844
2.31231
2.31617
2.32003
2.3239
2.32776
2.33163
2.33549
2.33936
2.34322
2.34709
2.35095
2.35482
2.35868
2.36255
2.36641
2.37028
2.37414
2.37801
2.38187
2.38574
2.3896
2.39347
2.39733
2.4012
2.40506
2.40893
2.41279
2.41666
2.42052
2.42439
2.42825
2.43212
2.43598
2.43985
2.44371
2.44758
2.45144
2.45531
2.45917
2.46304
2.4669
2.47077
2.47463
2.4785
2.48236
2.48623
2.49009
2.49396
2.49782
2.50168
2.50555
2.50941
2.51328
2.51714
2.52101
2.52487
2.52874
2.5326
2.53647
2.54033
2.5442
2.54806
2.55193
2.55579
2.55966
2.56352
2.56739
2.57125
2.57512
2.57898
2.58285
2.58671
2.59058
2.59444
2.59831
2.60217
2.60604
2.6099
2.61377
2.61763
2.6215
2.62536
2.62923
2.63309
2.63696
2.64082
2.64469
2.64855
2.65242
2.65628
2.66015
2.66401
2.66788
2.67174
2.67561
2.67947
2.68333
2.6872
2.69106
2.69493
2.69879
2.70266
2.70652
2.71039
2.71425
2.71812
2.72198
2.72585
2.72971
2.73358
2.73744
2.74131
2.74517
2.74904
2.7529
2.75677
2.76063
2.7645
2.76836
2.77223
2.77609
2.77996
2.78382
2.78769
2.79155
2.79542
2.79928
2.80315
2.80701
2.81088
2.81474
2.81861
2.82247
2.82634
2.8302
2.83407
2.83793
2.8418
2.84566
2.84953
2.85339
2.85726
2.86112
2.86498
2.86885
2.87271
2.87658
2.88044
2.88431
2.88817
2.89204
2.8959
2.89977
2.90363
2.9075
2.91136
2.91523
2.91909
2.92296
2.92682
2.93069
2.93455
2.93842
2.94228
2.94615
2.95001
2.95388
2.95774
2.96161
2.96547
2.96934
2.9732
2.97707
2.98093
2.9848
2.98866
2.99253
2.99639
3.00026
3.00412
3.00799
3.01185
3.01572
3.01958
3.02345
3.02731
3.03118
3.03504
3.03891
3.04277
3.04663
3.0505
3.05436
3.05823
3.06209
3.06596
3.06982
3.07369
3.07755
3.08142
3.08528
3.08915
3.09301
3.09688
3.10074
3.10461
3.10847
3.11234
3.1162
3.12007
3.12393
3.1278
3.13166
3.13553
3.13939
3.14326
3.14712
3.15099
3.15485
3.15872
3.16258
3.16645
3.17031
3.17418
3.17804
3.18191
3.18577
3.18964
3.1935
3.19737
3.20123
3.2051
3.20896
3.21283
3.21669
3.22056
3.22442
3.22828
3.23215
3.23601
3.23988
3.24374
3.24761
3.25147
3.25534
3.2592
3.26307
3.26693
3.2708
3.27466
3.27853
3.28239
3.28626
3.29012
3.29399
3.29785
3.30172
3.30558
3.30945
3.31331
3.31718
3.32104
3.32491
3.32877
3.33264
3.3365
3.34037
3.34423
3.3481
3.35196
3.35583
3.35969
3.36356
3.36742
3.37129
3.37515
3.37902
3.38288
3.38675
3.39061
3.39448
3.39834
3.40221
3.40607
3.40994
3.4138
3.41766
3.42153
3.42539
3.42926
3.43312
3.43699
3.44085
3.44472
3.44858
3.45245
3.45631
3.46018
3.46404
3.46791
3.47177
3.47564
3.4795
3.48337
3.48723
3.4911
3.49496
3.49883
3.50269
3.50656
3.51042
3.51429
3.51815
3.52202
3.52588
3.52975
3.53361
3.53748
3.54134
3.54521
3.54907
3.55294
3.5568
3.56067
3.56453
3.5684
3.57226
3.57613
3.57999
3.58386
3.58772
3.59159
3.59545
3.59931
3.60318
3.60704
3.61091
3.61477
3.61864
3.6225
3.62637
3.63023
3.6341
3.63796
3.64183
3.64569
3.64956
3.65342
3.65729
3.66115
3.66502
3.66888
3.67275
3.67661
3.68048
3.68434
3.68821
3.69207
3.69594
3.6998
3.70367
3.70753
3.7114
3.71526
3.71913
3.72299
3.72686
3.73072
3.73459
3.73845
3.74232
3.74618
3.75005
3.75391
3.75778
3.76164
3.76551
3.76937
3.77324
3.7771
3.78096
3.78483
3.78869
3.79256
3.79642
3.80029
3.80415
3.80802
3.81188
3.81575
3.81961
3.82348
3.82734
3.83121
3.83507
3.83894
3.8428
3.84667
3.85053
3.8544
3.85826
3.86213
3.86599
3.86986
3.87372
3.87759
3.88145
3.88532
3.88918
3.89305
3.89691
3.90078
3.90464
3.90851
3.91237
3.91624
3.9201
3.92397
3.92783
3.9317
3.93556
3.93943
3.94329
3.94716
3.95102
3.95489
3.95875
3.96261
3.96648
3.97034
3.97421
3.97807
3.98194
3.9858
3.98967
3.99353
3.9974
4.00126
4.00513
4.00899
4.01286
4.01672
4.02059
4.02445
4.02832
4.03218
4.03605
4.03991
4.04378
4.04764
4.05151
4.05537
4.05924
4.0631
4.06697
4.07083
4.0747
4.07856
4.08243
4.08629
4.09016
4.09402
4.09789
4.10175
4.10562
4.10948
4.11335
4.11721
4.12108
4.12494
4.12881
4.13267
4.13654
4.1404
4.14426
4.14813
4.15199
4.15586
4.15972
4.16359
4.16745
4.17132
4.17518
4.17905
4.18291
4.18678
4.19064
4.19451
4.19837
4.20224
4.2061
4.20997
4.21383
4.2177
4.22156
4.22543
4.22929
4.23316
4.23702
4.24089
4.24475
4.24862
4.25248
4.25635
4.26021
4.26408
4.26794
4.27181
4.27567
4.27954
4.2834
4.28727
4.29113
4.295
4.29886
4.30273
4.30659
4.31046
4.31432
4.31819
4.32205
4.32591
4.32978
4.33364
4.33751
4.34137
4.34524
4.3491
4.35297
4.35683
4.3607
4.36456
4.36843
4.37229
4.37616
4.38002
4.38389
4.38775
4.39162
4.39548
4.39935
4.40321
4.40708
4.41094
4.41481
4.41867
4.42254
4.4264
4.43027
4.43413
4.438
4.44186
4.44573
4.44959
4.45346
4.45732
4.46119
4.46505
4.46892
4.47278
4.47665
4.48051
4.48438
4.48824
4.49211
4.49597
4.49984
4.5037
4.50756
4.51143
4.51529
4.51916
4.52302
4.52689
4.53075
4.53462
4.53848
4.54235
4.54621
4.55008
4.55394
4.55781
4.56167
4.56554
4.5694
4.57327
4.57713
4.581
4.58486
4.58873
4.59259
