
VASEmethod[EllipsometerType=0, Isotropic, AutoRetarder=0, TrackPol=1, ZoneAve=1, Revs=10, MaxRevs=100, I_Threshold=0.40, I_MinUsable=0.005, AutoSlit=1700, WVASE=3.632, HardVer=6.256, Thu Dec 12 11:47:53 2013]
Original[a313_5.dat]
nm
700.000000	70.000000	17.88751	17.541349	0.115998	1.31699
710.000000	70.000000	17.793491	17.754051	0.0767969	0.866031
720.000000	70.000000	17.734152	17.134424	0.0451394	0.5283
730.000000	70.000000	17.700405	17.527658	0.0415251	0.476251
740.000000	70.000000	17.694767	17.619242	0.10543	1.20328
750.000000	70.000000	17.783541	17.411285	0.164717	1.89376
760.000000	70.000000	17.783348	16.806353	0.0973389	1.1577
770.000000	70.000000	17.825659	17.386984	0.134598	1.546
780.000000	70.000000	17.852802	17.451387	0.0718951	0.821636
790.000000	70.000000	17.875912	17.889606	0.126719	1.4124
800.000000	70.000000	17.935472	18.302084	0.0730884	0.794623
810.000000	70.000000	17.958603	18.334164	0.0940548	1.01964
820.000000	70.000000	18.016302	18.332911	0.0983761	1.06368
830.000000	70.000000	18.03017	18.366913	0.0872386	0.940839
840.000000	70.000000	18.054121	18.945478	0.0636397	0.665398
850.000000	70.000000	18.075617	19.474674	0.10368	1.0545
860.000000	70.000000	18.132889	19.090521	0.142779	1.47657
870.000000	70.000000	18.093693	19.829327	0.0931593	0.930406
880.000000	70.000000	18.108812	20.306719	0.0995213	0.970756
890.000000	70.000000	18.101082	20.522114	0.090895	0.87809
900.000000	70.000000	18.106115	20.868587	0.0968786	0.920821
910.000000	70.000000	18.103474	21.163103	0.106099	0.995172
920.000000	70.000000	18.088943	21.399891	0.107587	0.999366
930.000000	70.000000	18.093811	21.811146	0.0975987	0.889917
940.000000	70.000000	18.073439	22.142839	0.100538	0.904558
950.000000	70.000000	18.058155	22.410168	0.105143	0.935943
960.000000	70.000000	18.042099	22.764624	0.0829621	0.728104
970.000000	70.000000	18.012194	23.125671	0.119063	1.03107
980.000000	70.000000	18.005926	23.321842	0.0962703	0.827312
990.000000	70.000000	17.961363	23.662674	0.0894086	0.75952
1000.000000	70.000000	17.941921	23.866873	0.0929701	0.784147
1010.000000	70.000000	17.922022	24.347225	0.0822912	0.68184
1020.000000	70.000000	17.871519	24.45368	0.0770879	0.637723
1030.000000	70.000000	17.847784	24.923418	0.108436	0.882121
1040.000000	70.000000	17.790493	25.135193	0.114654	0.928021
1050.000000	70.000000	17.696642	25.816589	0.069513	0.551221
1060.000000	70.000000	17.67174	25.85383	0.154421	1.22441
1070.000000	70.000000	17.639578	25.960148	0.0886769	0.701517
1080.000000	70.000000	17.629841	26.121798	0.118657	0.933667
1090.000000	70.000000	17.623781	26.670706	0.0858324	0.662706
1100.000000	70.000000	17.57185	26.747353	0.096351	0.743835
1110.000000	70.000000	17.549931	27.114094	0.105403	0.804412
1120.000000	70.000000	17.517731	27.265865	0.139469	1.06058
1130.000000	70.000000	17.511869	27.241066	0.0951828	0.724703
1140.000000	70.000000	17.467138	27.550606	0.0747782	0.564628
1150.000000	70.000000	17.47225	28.233801	0.146268	1.07963
1160.000000	70.000000	17.405058	28.118402	0.0793696	0.590046
1170.000000	70.000000	17.337456	28.699587	0.0824769	0.60368
1180.000000	70.000000	17.322535	29.047878	0.0582276	0.421854
1190.000000	70.000000	17.240139	29.249159	0.107148	0.774592
1200.000000	70.000000	17.171227	29.694672	0.111594	0.798501
1210.000000	70.000000	17.102839	30.042507	0.107442	0.763252
1220.000000	70.000000	16.993181	30.234207	0.177322	1.26012
1230.000000	70.000000	16.964363	30.28392	0.0793558	0.563964
1240.000000	70.000000	16.844603	30.501287	0.0557699	0.396256
1250.000000	70.000000	16.730059	30.622787	0.112633	0.80215
1260.000000	70.000000	16.696432	30.601402	0.0963948	0.688194
1270.000000	70.000000	16.618929	30.929661	0.0786874	0.558575
1280.000000	70.000000	16.514757	31.039047	0.03087	0.219662
1290.000000	70.000000	16.441446	30.821936	0.114766	0.825034
1300.000000	70.000000	16.432924	30.86142	0.134473	0.966108
1310.000000	70.000000	16.408787	30.645918	0.119028	0.86161
1320.000000	70.000000	16.384451	30.765354	0.0388916	0.280904
1330.000000	70.000000	16.362085	30.696512	0.127715	0.925395
1340.000000	70.000000	16.421778	30.524778	0.112416	0.816164
1350.000000	70.000000	16.374569	30.708714	0.12389	0.896754
1360.000000	70.000000	16.394382	30.97821	0.0875343	0.628015
1370.000000	70.000000	16.401398	30.916012	0.0653936	0.469788
1380.000000	70.000000	16.377018	31.21505	0.09158	0.653157
1390.000000	70.000000	16.489296	31.233335	0.110896	0.785745
1400.000000	70.000000	16.406958	31.376123	0.0828433	0.587192
1410.000000	70.000000	16.455822	31.713581	0.132321	0.926499
1420.000000	70.000000	16.456387	32.166698	0.128352	0.887261
1430.000000	70.000000	16.448959	32.420303	0.0723023	0.496494
1440.000000	70.000000	16.457108	32.931797	0.110935	0.751019
1450.000000	70.000000	16.452309	33.306644	0.0805835	0.540196
1460.000000	70.000000	16.465738	33.742874	0.0693908	0.45954
1470.000000	70.000000	16.366238	33.808811	0.125287	0.832677
1480.000000	70.000000	16.304914	34.067352	0.0610667	0.404462
1490.000000	70.000000	16.32933	34.85445	0.113831	0.737969
1500.000000	70.000000	16.300682	34.758648	0.16499	1.07386
1510.000000	70.000000	16.169113	35.339695	0.0927291	0.599072
1520.000000	70.000000	16.135654	35.757015	0.125611	0.804683
1530.000000	70.000000	16.007418	36.132656	0.0413312	0.264253
1540.000000	70.000000	15.931996	36.558823	0.178829	1.13754
1550.000000	70.000000	15.886746	36.780182	0.0818431	0.519229
1560.000000	70.000000	15.754067	37.197178	0.0702401	0.444644
1570.000000	70.000000	15.714335	37.652084	0.0697002	0.437651
1580.000000	70.000000	15.644402	37.20216	0.104631	0.666413
1590.000000	70.000000	15.538184	38.146614	0.0774816	0.485981
1600.000000	70.000000	15.403308	38.215378	0.086858	0.54819
1610.000000	70.000000	15.327472	38.566338	0.130757	0.822493
1620.000000	70.000000	15.229058	38.969223	0.0237391	0.148855
1630.000000	70.000000	15.103035	38.583702	0.107109	0.682236
1640.000000	70.000000	15.07163	39.036701	0.0616056	0.389254
1650.000000	70.000000	14.889401	39.544491	0.118878	0.751
1660.000000	70.000000	14.803814	39.176979	0.258363	1.65578
1670.000000	70.000000	14.721869	39.342281	0.0693789	0.445249
1680.000000	70.000000	14.604902	38.875912	0.281915	1.84015
1690.000000	70.000000	14.514737	39.36813	0.136936	0.889052
1700.000000	70.000000	14.7395	40.506824	0.307463	1.92199